camera_matrix:
- [820.0614791909535, 0.0, 954.5588600329784]
- [0.0, 821.7604680597468, 483.5870262537815]
- [0.0, 0.0, 1.0]
dist_coeff:
- [-0.3212340582139673, 0.1038446674348268, 0.0001650601837310205, -0.0014951992716646634,
  -0.015031597872862446]
